# sresa1b_mpi-echam5_1_Tavg,,Southern RockiesTIMESTEP,MEAN(C)1950-01-16T00:00:00Z,-3.97087671950-02-16T00:00:00Z,-1.08386741950-03-15T00:00:00Z,2.39598731950-04-15T00:00:00Z,7.7542431950-05-15T00:00:00Z,10.4585691950-06-15T00:00:00Z,16.3151231950-07-15T00:00:00Z,20.5062311950-08-15T00:00:00Z,17.8665221950-09-15T00:00:00Z,15.8067541950-10-15T00:00:00Z,7.36702971950-11-15T00:00:00Z,2.54380271950-12-15T00:00:00Z,-2.90811781951-01-16T00:00:00Z,-3.26018571951-02-16T00:00:00Z,-0.66962031951-03-15T00:00:00Z,1.48679481951-04-15T00:00:00Z,5.4679891951-05-15T00:00:00Z,10.9350331951-06-15T00:00:00Z,15.02621951-07-15T00:00:00Z,19.472211951-08-15T00:00:00Z,18.5051861951-09-15T00:00:00Z,13.4937371951-10-15T00:00:00Z,9.4452151951-11-15T00:00:00Z,1.30783181951-12-15T00:00:00Z,-4.11803441952-01-16T00:00:00Z,-4.3256441952-02-16T00:00:00Z,-0.443155681952-03-15T00:00:00Z,4.32925461952-04-15T00:00:00Z,7.1337641952-05-15T00:00:00Z,12.1083351952-06-15T00:00:00Z,17.0661751952-07-15T00:00:00Z,20.0853731952-08-15T00:00:00Z,18.5712721952-09-15T00:00:00Z,13.0597211952-10-15T00:00:00Z,9.615881952-11-15T00:00:00Z,2.22685891952-12-15T00:00:00Z,-3.549241953-01-16T00:00:00Z,-3.1645981953-02-16T00:00:00Z,-0.756234471953-03-15T00:00:00Z,2.12897011953-04-15T00:00:00Z,8.0897491953-05-15T00:00:00Z,11.116071953-06-15T00:00:00Z,18.334821953-07-15T00:00:00Z,20.0668091953-08-15T00:00:00Z,19.1171911953-09-15T00:00:00Z,15.5905431953-10-15T00:00:00Z,7.1644861953-11-15T00:00:00Z,3.5614791953-12-15T00:00:00Z,-3.34989621954-01-16T00:00:00Z,-3.20357471954-02-16T00:00:00Z,0.378324751954-03-15T00:00:00Z,0.369381931954-04-15T00:00:00Z,4.4335731954-05-15T00:00:00Z,11.117541954-06-15T00:00:00Z,16.7543891954-07-15T00:00:00Z,19.8449211954-08-15T00:00:00Z,18.217381954-09-15T00:00:00Z,13.0547341954-10-15T00:00:00Z,9.5930171954-11-15T00:00:00Z,1.6056631954-12-15T00:00:00Z,-6.9230271955-01-16T00:00:00Z,-4.5452361955-02-16T00:00:00Z,-4.14993141955-03-15T00:00:00Z,-0.607764661955-04-15T00:00:00Z,6.3431871955-05-15T00:00:00Z,11.7430121955-06-15T00:00:00Z,15.5177091955-07-15T00:00:00Z,20.3175161955-08-15T00:00:00Z,19.10261955-09-15T00:00:00Z,14.8409881955-10-15T00:00:00Z,9.4658041955-11-15T00:00:00Z,2.91050311955-12-15T00:00:00Z,0.800956671956-01-16T00:00:00Z,-5.5167371956-02-16T00:00:00Z,-1.28328971956-03-15T00:00:00Z,3.6377891956-04-15T00:00:00Z,9.3922741956-05-15T00:00:00Z,13.0057931956-06-15T00:00:00Z,19.1213571956-07-15T00:00:00Z,18.8123871956-08-15T00:00:00Z,17.4411371956-09-15T00:00:00Z,13.4596731956-10-15T00:00:00Z,10.7281371956-11-15T00:00:00Z,-2.08389641956-12-15T00:00:00Z,-1.05816021957-01-16T00:00:00Z,-4.61113071957-02-16T00:00:00Z,-5.61713741957-03-15T00:00:00Z,2.17831561957-04-15T00:00:00Z,6.6213011957-05-15T00:00:00Z,11.87935451957-06-15T00:00:00Z,16.521391957-07-15T00:00:00Z,19.256221957-08-15T00:00:00Z,18.8057881957-09-15T00:00:00Z,13.9970031957-10-15T00:00:00Z,8.9717391957-11-15T00:00:00Z,1.83878051957-12-15T00:00:00Z,-3.88994931958-01-16T00:00:00Z,-6.37829541958-02-16T00:00:00Z,-3.79945371958-03-15T00:00:00Z,0.31981141958-04-15T00:00:00Z,6.11925171958-05-15T00:00:00Z,9.3639941958-06-15T00:00:00Z,16.1290931958-07-15T00:00:00Z,19.2227571958-08-15T00:00:00Z,17.8119071958-09-15T00:00:00Z,14.6288711958-10-15T00:00:00Z,7.52861171958-11-15T00:00:00Z,2.05137281958-12-15T00:00:00Z,-3.7338131959-01-16T00:00:00Z,-7.72305731959-02-16T00:00:00Z,-1.73375491959-03-15T00:00:00Z,5.3274081959-04-15T00:00:00Z,5.5077391959-05-15T00:00:00Z,11.6953821959-06-15T00:00:00Z,14.772661959-07-15T00:00:00Z,18.1774221959-08-15T00:00:00Z,17.5262531959-09-15T00:00:00Z,14.9264811959-10-15T00:00:00Z,8.4180121959-11-15T00:00:00Z,3.81395361959-12-15T00:00:00Z,-0.259140461960-01-16T00:00:00Z,-4.68413451960-02-16T00:00:00Z,-1.12517951960-03-15T00:00:00Z,0.832903741960-04-15T00:00:00Z,6.29549171960-05-15T00:00:00Z,11.5294431960-06-15T00:00:00Z,15.369071960-07-15T00:00:00Z,20.280541960-08-15T00:00:00Z,16.9644411960-09-15T00:00:00Z,14.9556581960-10-15T00:00:00Z,8.9585281960-11-15T00:00:00Z,1.25734671960-12-15T00:00:00Z,-4.2796381961-01-16T00:00:00Z,-4.92901471961-02-16T00:00:00Z,-3.95058941961-03-15T00:00:00Z,2.21E-041961-04-15T00:00:00Z,7.8497621961-05-15T00:00:00Z,12.3979911961-06-15T00:00:00Z,17.1854381961-07-15T00:00:00Z,21.3406331961-08-15T00:00:00Z,20.2890261961-09-15T00:00:00Z,14.5705281961-10-15T00:00:00Z,8.3942971961-11-15T00:00:00Z,-0.012599241961-12-15T00:00:00Z,-2.06874251962-01-16T00:00:00Z,-4.75034761962-02-16T00:00:00Z,-3.5973021962-03-15T00:00:00Z,5.19276571962-04-15T00:00:00Z,7.9032571962-05-15T00:00:00Z,11.9555091962-06-15T00:00:00Z,18.8780981962-07-15T00:00:00Z,19.0052011962-08-15T00:00:00Z,17.7700441962-09-15T00:00:00Z,12.3355431962-10-15T00:00:00Z,7.62356761962-11-15T00:00:00Z,1.96513971962-12-15T00:00:00Z,-5.15378861963-01-16T00:00:00Z,-0.96538161963-02-16T00:00:00Z,1.99589511963-03-15T00:00:00Z,3.8049961963-04-15T00:00:00Z,8.0725011963-05-15T00:00:00Z,11.6937081963-06-15T00:00:00Z,16.6434861963-07-15T00:00:00Z,20.7918111963-08-15T00:00:00Z,19.2105831963-09-15T00:00:00Z,14.1754051963-10-15T00:00:00Z,8.2155241963-11-15T00:00:00Z,0.74285591963-12-15T00:00:00Z,-1.28354171964-01-16T00:00:00Z,-3.45554381964-02-16T00:00:00Z,-1.7942631964-03-15T00:00:00Z,1.53212141964-04-15T00:00:00Z,6.01892571964-05-15T00:00:00Z,9.8213141964-06-15T00:00:00Z,16.6180171964-07-15T00:00:00Z,18.9699081964-08-15T00:00:00Z,18.182381964-09-15T00:00:00Z,12.755491964-10-15T00:00:00Z,8.9428381964-11-15T00:00:00Z,-0.532591941964-12-15T00:00:00Z,-3.61417031965-01-16T00:00:00Z,-1.68511341965-02-16T00:00:00Z,-0.232554641965-03-15T00:00:00Z,-1.07674861965-04-15T00:00:00Z,4.4144921965-05-15T00:00:00Z,10.0787821965-06-15T00:00:00Z,16.8573191965-07-15T00:00:00Z,19.4807431965-08-15T00:00:00Z,17.5301551965-09-15T00:00:00Z,13.0934261965-10-15T00:00:00Z,7.2387411965-11-15T00:00:00Z,2.27146221965-12-15T00:00:00Z,-5.64415171966-01-16T00:00:00Z,-5.46993541966-02-16T00:00:00Z,-1.82292081966-03-15T00:00:00Z,2.4001241966-04-15T00:00:00Z,6.39247131966-05-15T00:00:00Z,11.6628771966-06-15T00:00:00Z,17.4707831966-07-15T00:00:00Z,19.971161966-08-15T00:00:00Z,18.0520061966-09-15T00:00:00Z,14.574671966-10-15T00:00:00Z,7.8282971966-11-15T00:00:00Z,2.69465161966-12-15T00:00:00Z,-3.57991151967-01-16T00:00:00Z,-8.5735831967-02-16T00:00:00Z,-2.72255041967-03-15T00:00:00Z,2.87552741967-04-15T00:00:00Z,6.1550071967-05-15T00:00:00Z,13.5058411967-06-15T00:00:00Z,16.2948951967-07-15T00:00:00Z,19.066891967-08-15T00:00:00Z,18.670421967-09-15T00:00:00Z,13.1393991967-10-15T00:00:00Z,5.18161967-11-15T00:00:00Z,-1.17449121967-12-15T00:00:00Z,-1.59187731968-01-16T00:00:00Z,-1.32054111968-02-16T00:00:00Z,-2.3456581968-03-15T00:00:00Z,0.83166911968-04-15T00:00:00Z,5.9937511968-05-15T00:00:00Z,12.802541968-06-15T00:00:00Z,17.5267011968-07-15T00:00:00Z,19.9988671968-08-15T00:00:00Z,18.3517971968-09-15T00:00:00Z,13.4652221968-10-15T00:00:00Z,7.29144671968-11-15T00:00:00Z,1.58974651968-12-15T00:00:00Z,-6.9896851969-01-16T00:00:00Z,-4.39071461969-02-16T00:00:00Z,-0.171879841969-03-15T00:00:00Z,0.89580561969-04-15T00:00:00Z,5.85420231969-05-15T00:00:00Z,9.7847911969-06-15T00:00:00Z,17.6583541969-07-15T00:00:00Z,18.8998931969-08-15T00:00:00Z,18.3356721969-09-15T00:00:00Z,12.6148741969-10-15T00:00:00Z,8.6007541969-11-15T00:00:00Z,4.44357631969-12-15T00:00:00Z,-7.06451751970-01-16T00:00:00Z,-7.5288681970-02-16T00:00:00Z,-2.7716781970-03-15T00:00:00Z,1.89632241970-04-15T00:00:00Z,4.78458451970-05-15T00:00:00Z,10.7147911970-06-15T00:00:00Z,15.2866081970-07-15T00:00:00Z,18.9791181970-08-15T00:00:00Z,18.3106631970-09-15T00:00:00Z,13.8777941970-10-15T00:00:00Z,8.1489811970-11-15T00:00:00Z,1.13138341970-12-15T00:00:00Z,-4.8032781971-01-16T00:00:00Z,-7.60716961971-02-16T00:00:00Z,-4.1812041971-03-15T00:00:00Z,2.6121311971-04-15T00:00:00Z,6.4380361971-05-15T00:00:00Z,10.7323051971-06-15T00:00:00Z,16.9514851971-07-15T00:00:00Z,19.3510991971-08-15T00:00:00Z,17.589861971-09-15T00:00:00Z,14.0876061971-10-15T00:00:00Z,9.1606821971-11-15T00:00:00Z,1.42870161971-12-15T00:00:00Z,-2.2463341972-01-16T00:00:00Z,-2.88672781972-02-16T00:00:00Z,-0.285038381972-03-15T00:00:00Z,2.59917661972-04-15T00:00:00Z,6.1044331972-05-15T00:00:00Z,12.225931972-06-15T00:00:00Z,18.756971972-07-15T00:00:00Z,21.1280331972-08-15T00:00:00Z,19.236471972-09-15T00:00:00Z,15.0558841972-10-15T00:00:00Z,7.7298031972-11-15T00:00:00Z,-1.35555271972-12-15T00:00:00Z,-3.80930041973-01-16T00:00:00Z,-4.1402631973-02-16T00:00:00Z,-3.00000981973-03-15T00:00:00Z,0.28731861973-04-15T00:00:00Z,6.86481951973-05-15T00:00:00Z,13.0704371973-06-15T00:00:00Z,14.8852121973-07-15T00:00:00Z,18.9838371973-08-15T00:00:00Z,17.7753751973-09-15T00:00:00Z,13.4015431973-10-15T00:00:00Z,7.8268661973-11-15T00:00:00Z,-0.127093521973-12-15T00:00:00Z,-3.92181851974-01-16T00:00:00Z,-5.45164731974-02-16T00:00:00Z,-1.5916541974-03-15T00:00:00Z,0.286582261974-04-15T00:00:00Z,6.1927361974-05-15T00:00:00Z,9.3468741974-06-15T00:00:00Z,16.3668251974-07-15T00:00:00Z,18.9887561974-08-15T00:00:00Z,18.4787851974-09-15T00:00:00Z,15.4619171974-10-15T00:00:00Z,7.35195971974-11-15T00:00:00Z,1.11089421974-12-15T00:00:00Z,-4.5937551975-01-16T00:00:00Z,-7.6781531975-02-16T00:00:00Z,-3.52130941975-03-15T00:00:00Z,2.50122381975-04-15T00:00:00Z,4.4209171975-05-15T00:00:00Z,10.6813391975-06-15T00:00:00Z,14.3933891975-07-15T00:00:00Z,19.5443551975-08-15T00:00:00Z,18.0774231975-09-15T00:00:00Z,12.97121975-10-15T00:00:00Z,6.20085671975-11-15T00:00:00Z,1.46537821975-12-15T00:00:00Z,-4.8579921976-01-16T00:00:00Z,-5.10299251976-02-16T00:00:00Z,-4.0081081976-03-15T00:00:00Z,1.81648241976-04-15T00:00:00Z,4.0200781976-05-15T00:00:00Z,12.2930821976-06-15T00:00:00Z,17.530941976-07-15T00:00:00Z,20.1016351976-08-15T00:00:00Z,18.2284531976-09-15T00:00:00Z,15.2383471976-10-15T00:00:00Z,10.2332941976-11-15T00:00:00Z,3.61242911976-12-15T00:00:00Z,-4.43119571977-01-16T00:00:00Z,-4.79127931977-02-16T00:00:00Z,0.89609611977-03-15T00:00:00Z,2.588571977-04-15T00:00:00Z,5.99318741977-05-15T00:00:00Z,10.1290051977-06-15T00:00:00Z,16.4706481977-07-15T00:00:00Z,20.9603021977-08-15T00:00:00Z,20.3375031977-09-15T00:00:00Z,15.8413991977-10-15T00:00:00Z,6.4845891977-11-15T00:00:00Z,-1.19978521977-12-15T00:00:00Z,-1.81634881978-01-16T00:00:00Z,-5.69753931978-02-16T00:00:00Z,-1.80322371978-03-15T00:00:00Z,2.93296431978-04-15T00:00:00Z,5.18965151978-05-15T00:00:00Z,11.1646481978-06-15T00:00:00Z,15.8944461978-07-15T00:00:00Z,19.404681978-08-15T00:00:00Z,18.687441978-09-15T00:00:00Z,15.1242931978-10-15T00:00:00Z,9.4066461978-11-15T00:00:00Z,0.633542361978-12-15T00:00:00Z,-6.0640591979-01-16T00:00:00Z,-5.94486141979-02-16T00:00:00Z,-4.07171341979-03-15T00:00:00Z,2.08371971979-04-15T00:00:00Z,5.0429621979-05-15T00:00:00Z,12.6100141979-06-15T00:00:00Z,15.6760241979-07-15T00:00:00Z,20.4393461979-08-15T00:00:00Z,18.3770141979-09-15T00:00:00Z,14.9786211979-10-15T00:00:00Z,9.520441979-11-15T00:00:00Z,-1.98249341979-12-15T00:00:00Z,-6.0713871980-01-16T00:00:00Z,-6.51197151980-02-16T00:00:00Z,-6.60720351980-03-15T00:00:00Z,0.88545171980-04-15T00:00:00Z,8.68119051980-05-15T00:00:00Z,12.1006121980-06-15T00:00:00Z,16.0223261980-07-15T00:00:00Z,19.899331980-08-15T00:00:00Z,19.165031980-09-15T00:00:00Z,14.7084441980-10-15T00:00:00Z,8.6333661980-11-15T00:00:00Z,0.894879461980-12-15T00:00:00Z,-3.0357671981-01-16T00:00:00Z,-1.84429881981-02-16T00:00:00Z,0.342242661981-03-15T00:00:00Z,1.7749451981-04-15T00:00:00Z,6.8886711981-05-15T00:00:00Z,12.1049821981-06-15T00:00:00Z,16.1083321981-07-15T00:00:00Z,19.7982981981-08-15T00:00:00Z,18.8790231981-09-15T00:00:00Z,13.3154721981-10-15T00:00:00Z,7.88630871981-11-15T00:00:00Z,2.9824811981-12-15T00:00:00Z,-2.4089721982-01-16T00:00:00Z,-2.82862761982-02-16T00:00:00Z,-0.886819961982-03-15T00:00:00Z,-0.105635761982-04-15T00:00:00Z,7.42888451982-05-15T00:00:00Z,12.6321681982-06-15T00:00:00Z,17.3023591982-07-15T00:00:00Z,20.1497671982-08-15T00:00:00Z,19.3725471982-09-15T00:00:00Z,16.5461521982-10-15T00:00:00Z,10.7818591982-11-15T00:00:00Z,-1.32132531982-12-15T00:00:00Z,-2.80231121983-01-16T00:00:00Z,-3.4773021983-02-16T00:00:00Z,0.69813761983-03-15T00:00:00Z,4.27767661983-04-15T00:00:00Z,7.81399971983-05-15T00:00:00Z,11.024711983-06-15T00:00:00Z,16.1450141983-07-15T00:00:00Z,19.9705491983-08-15T00:00:00Z,18.7279281983-09-15T00:00:00Z,15.1214381983-10-15T00:00:00Z,8.9283951983-11-15T00:00:00Z,1.90898031983-12-15T00:00:00Z,-5.3829611984-01-16T00:00:00Z,-4.99718141984-02-16T00:00:00Z,-1.68510121984-03-15T00:00:00Z,3.43384771984-04-15T00:00:00Z,3.94204971984-05-15T00:00:00Z,10.3303181984-06-15T00:00:00Z,16.3118651984-07-15T00:00:00Z,18.6672921984-08-15T00:00:00Z,18.0334381984-09-15T00:00:00Z,14.3271791984-10-15T00:00:00Z,5.6321951984-11-15T00:00:00Z,0.59850421984-12-15T00:00:00Z,-5.60143471985-01-16T00:00:00Z,-6.2529821985-02-16T00:00:00Z,-3.78879451985-03-15T00:00:00Z,2.17917921985-04-15T00:00:00Z,6.5707221985-05-15T00:00:00Z,11.5786061985-06-15T00:00:00Z,15.572931985-07-15T00:00:00Z,20.5738541985-08-15T00:00:00Z,18.732881985-09-15T00:00:00Z,15.7690571985-10-15T00:00:00Z,9.0844441985-11-15T00:00:00Z,2.2294211985-12-15T00:00:00Z,-6.51156761986-01-16T00:00:00Z,-6.51841741986-02-16T00:00:00Z,-1.47081531986-03-15T00:00:00Z,-0.15197441986-04-15T00:00:00Z,7.5532061986-05-15T00:00:00Z,13.8193651986-06-15T00:00:00Z,17.9484211986-07-15T00:00:00Z,20.2649481986-08-15T00:00:00Z,18.1603031986-09-15T00:00:00Z,12.7169921986-10-15T00:00:00Z,7.69026331986-11-15T00:00:00Z,3.31134221986-12-15T00:00:00Z,-2.99531871987-01-16T00:00:00Z,-0.65645861987-02-16T00:00:00Z,-0.83093451987-03-15T00:00:00Z,1.78506951987-04-15T00:00:00Z,5.28148371987-05-15T00:00:00Z,10.2667991987-06-15T00:00:00Z,16.0187451987-07-15T00:00:00Z,18.9257051987-08-15T00:00:00Z,19.6636541987-09-15T00:00:00Z,15.491911987-10-15T00:00:00Z,8.6414731987-11-15T00:00:00Z,0.0231242241987-12-15T00:00:00Z,-2.77234671988-01-16T00:00:00Z,-2.6395821988-02-16T00:00:00Z,-1.40168211988-03-15T00:00:00Z,-1.86242281988-04-15T00:00:00Z,7.6691931988-05-15T00:00:00Z,13.3282391988-06-15T00:00:00Z,17.3303361988-07-15T00:00:00Z,19.0078411988-08-15T00:00:00Z,19.1352041988-09-15T00:00:00Z,14.9926961988-10-15T00:00:00Z,7.0290991988-11-15T00:00:00Z,0.0233152771988-12-15T00:00:00Z,-6.7545721989-01-16T00:00:00Z,-2.3946281989-02-16T00:00:00Z,0.97351381989-03-15T00:00:00Z,3.03506761989-04-15T00:00:00Z,6.5633671989-05-15T00:00:00Z,11.5999051989-06-15T00:00:00Z,16.4950071989-07-15T00:00:00Z,19.8809591989-08-15T00:00:00Z,19.6315921989-09-15T00:00:00Z,14.7072641989-10-15T00:00:00Z,8.0431651989-11-15T00:00:00Z,1.33689511989-12-15T00:00:00Z,-2.02152091990-01-16T00:00:00Z,-1.86261871990-02-16T00:00:00Z,-1.82785671990-03-15T00:00:00Z,2.2016221990-04-15T00:00:00Z,7.4106571990-05-15T00:00:00Z,12.098981990-06-15T00:00:00Z,16.4804251990-07-15T00:00:00Z,20.0965271990-08-15T00:00:00Z,19.1415521990-09-15T00:00:00Z,14.8576481990-10-15T00:00:00Z,9.5678451990-11-15T00:00:00Z,2.4654781990-12-15T00:00:00Z,-2.71226431991-01-16T00:00:00Z,-2.70754221991-02-16T00:00:00Z,1.4229251991-03-15T00:00:00Z,2.68097951991-04-15T00:00:00Z,7.896131991-05-15T00:00:00Z,13.4502041991-06-15T00:00:00Z,17.3182981991-07-15T00:00:00Z,20.2772251991-08-15T00:00:00Z,18.7634931991-09-15T00:00:00Z,14.2697291991-10-15T00:00:00Z,11.165131991-11-15T00:00:00Z,0.6953881991-12-15T00:00:00Z,-3.13588831992-01-16T00:00:00Z,-5.1771321992-02-16T00:00:00Z,0.268003761992-03-15T00:00:00Z,2.00933031992-04-15T00:00:00Z,4.36660581992-05-15T00:00:00Z,10.6870251992-06-15T00:00:00Z,18.412841992-07-15T00:00:00Z,19.945861992-08-15T00:00:00Z,17.924581992-09-15T00:00:00Z,14.3855361992-10-15T00:00:00Z,5.64552351992-11-15T00:00:00Z,-0.397460041992-12-15T00:00:00Z,-1.0880561993-01-16T00:00:00Z,-2.01120541993-02-16T00:00:00Z,-0.733652651993-03-15T00:00:00Z,3.56784771993-04-15T00:00:00Z,5.72021871993-05-15T00:00:00Z,12.0281041993-06-15T00:00:00Z,17.8966061993-07-15T00:00:00Z,20.0464521993-08-15T00:00:00Z,18.2876971993-09-15T00:00:00Z,14.4210811993-10-15T00:00:00Z,8.8292631993-11-15T00:00:00Z,-0.33256051993-12-15T00:00:00Z,-4.398091994-01-16T00:00:00Z,-6.5560421994-02-16T00:00:00Z,-0.0117510321994-03-15T00:00:00Z,1.30268191994-04-15T00:00:00Z,5.2302491994-05-15T00:00:00Z,9.828581994-06-15T00:00:00Z,17.114621994-07-15T00:00:00Z,19.6074451994-08-15T00:00:00Z,18.4800151994-09-15T00:00:00Z,15.82348251994-10-15T00:00:00Z,7.8746741994-11-15T00:00:00Z,0.390358921994-12-15T00:00:00Z,-3.33790561995-01-16T00:00:00Z,-5.6122551995-02-16T00:00:00Z,-2.33153771995-03-15T00:00:00Z,4.51791521995-04-15T00:00:00Z,9.8946131995-05-15T00:00:00Z,13.2730491995-06-15T00:00:00Z,18.9297351995-07-15T00:00:00Z,20.0946391995-08-15T00:00:00Z,18.8074741995-09-15T00:00:00Z,13.5947371995-10-15T00:00:00Z,7.92310241995-11-15T00:00:00Z,1.2342881995-12-15T00:00:00Z,-3.22452711996-01-16T00:00:00Z,-0.469724571996-02-16T00:00:00Z,2.53207871996-03-15T00:00:00Z,1.57771091996-04-15T00:00:00Z,7.49432951996-05-15T00:00:00Z,11.0661521996-06-15T00:00:00Z,17.2422071996-07-15T00:00:00Z,20.0241971996-08-15T00:00:00Z,19.7688121996-09-15T00:00:00Z,16.0857221996-10-15T00:00:00Z,8.9010991996-11-15T00:00:00Z,1.86492781996-12-15T00:00:00Z,-4.86317541997-01-16T00:00:00Z,-3.7544471997-02-16T00:00:00Z,-1.84696381997-03-15T00:00:00Z,0.40108481997-04-15T00:00:00Z,5.3466621997-05-15T00:00:00Z,10.1829771997-06-15T00:00:00Z,15.2447771997-07-15T00:00:00Z,19.170641997-08-15T00:00:00Z,17.8580671997-09-15T00:00:00Z,12.9025881997-10-15T00:00:00Z,8.7253671997-11-15T00:00:00Z,2.89700871997-12-15T00:00:00Z,-2.5352671998-01-16T00:00:00Z,-2.63041541998-02-16T00:00:00Z,-2.55583121998-03-15T00:00:00Z,4.5059581998-04-15T00:00:00Z,8.7329141998-05-15T00:00:00Z,12.9266881998-06-15T00:00:00Z,16.744061998-07-15T00:00:00Z,20.8398231998-08-15T00:00:00Z,19.1559771998-09-15T00:00:00Z,14.5994821998-10-15T00:00:00Z,7.3909331998-11-15T00:00:00Z,-0.0032376411998-12-15T00:00:00Z,-3.87238341999-01-16T00:00:00Z,-4.45214841999-02-16T00:00:00Z,-4.6366371999-03-15T00:00:00Z,5.05910631999-04-15T00:00:00Z,9.701711999-05-15T00:00:00Z,14.509611999-06-15T00:00:00Z,18.6476291999-07-15T00:00:00Z,20.9250981999-08-15T00:00:00Z,20.0084021999-09-15T00:00:00Z,15.2428381999-10-15T00:00:00Z,8.6060971999-11-15T00:00:00Z,3.33170531999-12-15T00:00:00Z,-0.76855552000-01-16T00:00:00Z,-4.25994162000-02-16T00:00:00Z,1.81861582000-03-15T00:00:00Z,2.05628662000-04-15T00:00:00Z,7.7565882000-05-15T00:00:00Z,11.6470562000-06-15T00:00:00Z,16.6661432000-07-15T00:00:00Z,21.0637722000-08-15T00:00:00Z,19.4036482000-09-15T00:00:00Z,16.262612000-10-15T00:00:00Z,7.3443282000-11-15T00:00:00Z,1.31882152000-12-15T00:00:00Z,-2.50527332001-01-16T00:00:00Z,-4.800452001-02-16T00:00:00Z,-3.7392642001-03-15T00:00:00Z,2.14529852001-04-15T00:00:00Z,7.47597932001-05-15T00:00:00Z,14.0569652001-06-15T00:00:00Z,16.6295342001-07-15T00:00:00Z,20.5434282001-08-15T00:00:00Z,18.5857852001-09-15T00:00:00Z,16.0532592001-10-15T00:00:00Z,7.1467752001-11-15T00:00:00Z,2.74444252001-12-15T00:00:00Z,-2.85152582002-01-16T00:00:00Z,-5.6353462002-02-16T00:00:00Z,-3.41984442002-03-15T00:00:00Z,5.31440932002-04-15T00:00:00Z,7.3852962002-05-15T00:00:00Z,11.0139112002-06-15T00:00:00Z,16.5596082002-07-15T00:00:00Z,19.1833652002-08-15T00:00:00Z,19.2914732002-09-15T00:00:00Z,14.9752962002-10-15T00:00:00Z,7.264132002-11-15T00:00:00Z,0.98009692002-12-15T00:00:00Z,-2.9688552003-01-16T00:00:00Z,-4.87154772003-02-16T00:00:00Z,-2.19937012003-03-15T00:00:00Z,2.37023932003-04-15T00:00:00Z,5.34600642003-05-15T00:00:00Z,13.70122052003-06-15T00:00:00Z,15.1649422003-07-15T00:00:00Z,19.5489042003-08-15T00:00:00Z,19.2604582003-09-15T00:00:00Z,14.7057832003-10-15T00:00:00Z,7.2822532003-11-15T00:00:00Z,1.47832742003-12-15T00:00:00Z,-0.350492062004-01-16T00:00:00Z,-2.46479872004-02-16T00:00:00Z,0.997762262004-03-15T00:00:00Z,2.178622004-04-15T00:00:00Z,7.52380662004-05-15T00:00:00Z,11.3255952004-06-15T00:00:00Z,17.9925982004-07-15T00:00:00Z,21.0803172004-08-15T00:00:00Z,20.180292004-09-15T00:00:00Z,15.6481952004-10-15T00:00:00Z,9.8193952004-11-15T00:00:00Z,2.95180732004-12-15T00:00:00Z,-3.78654842005-01-16T00:00:00Z,-2.0332522005-02-16T00:00:00Z,0.88121032005-03-15T00:00:00Z,1.98144072005-04-15T00:00:00Z,6.9828142005-05-15T00:00:00Z,11.5395282005-06-15T00:00:00Z,15.7892012005-07-15T00:00:00Z,19.2435042005-08-15T00:00:00Z,19.0290072005-09-15T00:00:00Z,15.6853892005-10-15T00:00:00Z,8.4411982005-11-15T00:00:00Z,1.91610922005-12-15T00:00:00Z,-4.5664582006-01-16T00:00:00Z,-5.65408752006-02-16T00:00:00Z,1.15923252006-03-15T00:00:00Z,2.10149312006-04-15T00:00:00Z,8.3214712006-05-15T00:00:00Z,13.4644842006-06-15T00:00:00Z,19.407332006-07-15T00:00:00Z,20.8717352006-08-15T00:00:00Z,19.5790082006-09-15T00:00:00Z,13.97055152006-10-15T00:00:00Z,6.5648862006-11-15T00:00:00Z,2.96327332006-12-15T00:00:00Z,-2.80087112007-01-16T00:00:00Z,-5.87455562007-02-16T00:00:00Z,-2.06966732007-03-15T00:00:00Z,2.000752007-04-15T00:00:00Z,7.0045582007-05-15T00:00:00Z,12.8690532007-06-15T00:00:00Z,16.9163592007-07-15T00:00:00Z,18.9997232007-08-15T00:00:00Z,18.4354532007-09-15T00:00:00Z,16.1285252007-10-15T00:00:00Z,10.0465792007-11-15T00:00:00Z,5.33478982007-12-15T00:00:00Z,-4.8348782008-01-16T00:00:00Z,-4.6451372008-02-16T00:00:00Z,1.13102462008-03-15T00:00:00Z,3.39916162008-04-15T00:00:00Z,7.6502932008-05-15T00:00:00Z,11.7608722008-06-15T00:00:00Z,18.1007692008-07-15T00:00:00Z,20.8018762008-08-15T00:00:00Z,21.112922008-09-15T00:00:00Z,15.0076842008-10-15T00:00:00Z,7.9762752008-11-15T00:00:00Z,1.61567042008-12-15T00:00:00Z,-1.40393572009-01-16T00:00:00Z,-1.90462722009-02-16T00:00:00Z,-2.00241472009-03-15T00:00:00Z,0.65198152009-04-15T00:00:00Z,6.70890952009-05-15T00:00:00Z,12.0010052009-06-15T00:00:00Z,18.4090652009-07-15T00:00:00Z,21.1101862009-08-15T00:00:00Z,19.6563132009-09-15T00:00:00Z,15.8292172009-10-15T00:00:00Z,8.8664192009-11-15T00:00:00Z,4.51778652009-12-15T00:00:00Z,-3.13445382010-01-16T00:00:00Z,-4.93852010-02-16T00:00:00Z,-2.65632252010-03-15T00:00:00Z,-1.31670632010-04-15T00:00:00Z,8.1450812010-05-15T00:00:00Z,11.5641152010-06-15T00:00:00Z,18.9483362010-07-15T00:00:00Z,21.0149212010-08-15T00:00:00Z,19.4635352010-09-15T00:00:00Z,13.3646992010-10-15T00:00:00Z,10.4536412010-11-15T00:00:00Z,2.63363462010-12-15T00:00:00Z,-3.87031362011-01-16T00:00:00Z,-3.29676342011-02-16T00:00:00Z,-3.21433472011-03-15T00:00:00Z,0.79890062011-04-15T00:00:00Z,5.478332011-05-15T00:00:00Z,12.762642011-06-15T00:00:00Z,17.5238952011-07-15T00:00:00Z,20.4962712011-08-15T00:00:00Z,18.6187612011-09-15T00:00:00Z,15.8779232011-10-15T00:00:00Z,8.453332011-11-15T00:00:00Z,3.5759832011-12-15T00:00:00Z,-1.37113792012-01-16T00:00:00Z,-5.11892032012-02-16T00:00:00Z,1.36332442012-03-15T00:00:00Z,0.231820332012-04-15T00:00:00Z,4.5146872012-05-15T00:00:00Z,11.8460472012-06-15T00:00:00Z,15.9495272012-07-15T00:00:00Z,20.2247242012-08-15T00:00:00Z,18.5733872012-09-15T00:00:00Z,13.0737662012-10-15T00:00:00Z,10.5225692012-11-15T00:00:00Z,1.56410742012-12-15T00:00:00Z,-5.9100592013-01-16T00:00:00Z,-2.75320242013-02-16T00:00:00Z,-0.183619862013-03-15T00:00:00Z,4.41330862013-04-15T00:00:00Z,6.8427922013-05-15T00:00:00Z,11.313052013-06-15T00:00:00Z,16.3739852013-07-15T00:00:00Z,19.6181072013-08-15T00:00:00Z,18.2853832013-09-15T00:00:00Z,16.5508882013-10-15T00:00:00Z,8.3927552013-11-15T00:00:00Z,2.27560452013-12-15T00:00:00Z,-3.23065782014-01-16T00:00:00Z,-1.95664372014-02-16T00:00:00Z,0.94904082014-03-15T00:00:00Z,0.72835622014-04-15T00:00:00Z,7.3674762014-05-15T00:00:00Z,11.1213112014-06-15T00:00:00Z,16.6644632014-07-15T00:00:00Z,20.1318762014-08-15T00:00:00Z,20.7722472014-09-15T00:00:00Z,16.3999392014-10-15T00:00:00Z,11.2805242014-11-15T00:00:00Z,4.6951062014-12-15T00:00:00Z,-0.30865342015-01-16T00:00:00Z,-2.2996962015-02-16T00:00:00Z,-4.07947832015-03-15T00:00:00Z,4.9097662015-04-15T00:00:00Z,9.3505982015-05-15T00:00:00Z,13.637922015-06-15T00:00:00Z,20.1008342015-07-15T00:00:00Z,21.225562015-08-15T00:00:00Z,19.2360692015-09-15T00:00:00Z,15.1447772015-10-15T00:00:00Z,8.60460952015-11-15T00:00:00Z,2.13174842015-12-15T00:00:00Z,-6.1492832016-01-16T00:00:00Z,-2.10907862016-02-16T00:00:00Z,-4.4223982016-03-15T00:00:00Z,1.06857362016-04-15T00:00:00Z,6.7875862016-05-15T00:00:00Z,12.195472016-06-15T00:00:00Z,18.3607372016-07-15T00:00:00Z,21.2134552016-08-15T00:00:00Z,20.3368052016-09-15T00:00:00Z,16.1024042016-10-15T00:00:00Z,9.4068932016-11-15T00:00:00Z,3.8521332016-12-15T00:00:00Z,-3.27385122017-01-16T00:00:00Z,-2.64740822017-02-16T00:00:00Z,1.24689722017-03-15T00:00:00Z,4.56638772017-04-15T00:00:00Z,7.1870512017-05-15T00:00:00Z,12.3047152017-06-15T00:00:00Z,17.5564382017-07-15T00:00:00Z,21.248152017-08-15T00:00:00Z,21.1082062017-09-15T00:00:00Z,16.7406542017-10-15T00:00:00Z,8.695392017-11-15T00:00:00Z,3.00793312017-12-15T00:00:00Z,-2.81816652018-01-16T00:00:00Z,-1.36945372018-02-16T00:00:00Z,-0.1249284742018-03-15T00:00:00Z,1.34086912018-04-15T00:00:00Z,7.3334692018-05-15T00:00:00Z,12.4505482018-06-15T00:00:00Z,17.7648722018-07-15T00:00:00Z,20.9145072018-08-15T00:00:00Z,20.0090082018-09-15T00:00:00Z,18.2091562018-10-15T00:00:00Z,12.8546612018-11-15T00:00:00Z,3.54399682018-12-15T00:00:00Z,-2.55934572019-01-16T00:00:00Z,-2.92536932019-02-16T00:00:00Z,-0.99305782019-03-15T00:00:00Z,0.62861112019-04-15T00:00:00Z,3.93543622019-05-15T00:00:00Z,12.0407982019-06-15T00:00:00Z,16.2536812019-07-15T00:00:00Z,20.8255962019-08-15T00:00:00Z,19.7038732019-09-15T00:00:00Z,15.3512812019-10-15T00:00:00Z,10.092362019-11-15T00:00:00Z,3.40589282019-12-15T00:00:00Z,-4.9328862020-01-16T00:00:00Z,-3.2607692020-02-16T00:00:00Z,-2.38402992020-03-15T00:00:00Z,2.26796962020-04-15T00:00:00Z,7.27496622020-05-15T00:00:00Z,10.5408592020-06-15T00:00:00Z,17.507752020-07-15T00:00:00Z,20.8689922020-08-15T00:00:00Z,18.6238982020-09-15T00:00:00Z,14.8959452020-10-15T00:00:00Z,10.8325722020-11-15T00:00:00Z,2.16574622020-12-15T00:00:00Z,-1.63740422021-01-16T00:00:00Z,-4.9143892021-02-16T00:00:00Z,-1.24452112021-03-15T00:00:00Z,3.10818822021-04-15T00:00:00Z,10.3336052021-05-15T00:00:00Z,11.5463372021-06-15T00:00:00Z,16.9184652021-07-15T00:00:00Z,20.8267212021-08-15T00:00:00Z,19.2962552021-09-15T00:00:00Z,15.9333412021-10-15T00:00:00Z,9.72256852021-11-15T00:00:00Z,3.88001512021-12-15T00:00:00Z,-2.37813742022-01-16T00:00:00Z,-1.48057942022-02-16T00:00:00Z,-1.5388122022-03-15T00:00:00Z,5.98626472022-04-15T00:00:00Z,7.4390672022-05-15T00:00:00Z,13.1046482022-06-15T00:00:00Z,19.6617412022-07-15T00:00:00Z,22.0223142022-08-15T00:00:00Z,19.8402542022-09-15T00:00:00Z,15.9061212022-10-15T00:00:00Z,7.635312022-11-15T00:00:00Z,3.30945542022-12-15T00:00:00Z,-2.21541292023-01-16T00:00:00Z,-5.4415372023-02-16T00:00:00Z,0.19423112023-03-15T00:00:00Z,3.233692023-04-15T00:00:00Z,4.25585172023-05-15T00:00:00Z,12.1585172023-06-15T00:00:00Z,16.5859132023-07-15T00:00:00Z,20.2899782023-08-15T00:00:00Z,20.1898942023-09-15T00:00:00Z,15.8228232023-10-15T00:00:00Z,8.2744462023-11-15T00:00:00Z,0.755261362023-12-15T00:00:00Z,-3.22043632024-01-16T00:00:00Z,-3.49449592024-02-16T00:00:00Z,0.572760052024-03-15T00:00:00Z,4.77872852024-04-15T00:00:00Z,7.1586092024-05-15T00:00:00Z,11.5326992024-06-15T00:00:00Z,16.1456242024-07-15T00:00:00Z,19.298542024-08-15T00:00:00Z,19.1686422024-09-15T00:00:00Z,14.8724392024-10-15T00:00:00Z,7.7506862024-11-15T00:00:00Z,2.77387642024-12-15T00:00:00Z,-3.83161432025-01-16T00:00:00Z,-2.0110772025-02-16T00:00:00Z,-4.2435522025-03-15T00:00:00Z,1.93319942025-04-15T00:00:00Z,9.19076252025-05-15T00:00:00Z,13.2669892025-06-15T00:00:00Z,20.664782025-07-15T00:00:00Z,21.4763772025-08-15T00:00:00Z,21.5580582025-09-15T00:00:00Z,17.0237372025-10-15T00:00:00Z,10.2891022025-11-15T00:00:00Z,2.3307562025-12-15T00:00:00Z,-1.04628672026-01-16T00:00:00Z,-1.68511462026-02-16T00:00:00Z,-2.11714272026-03-15T00:00:00Z,3.61385732026-04-15T00:00:00Z,6.6777212026-05-15T00:00:00Z,14.0425362026-06-15T00:00:00Z,17.078362026-07-15T00:00:00Z,20.6037852026-08-15T00:00:00Z,20.6763272026-09-15T00:00:00Z,15.7699252026-10-15T00:00:00Z,10.44012452026-11-15T00:00:00Z,2.32538842026-12-15T00:00:00Z,-0.85014232027-01-16T00:00:00Z,-2.19955522027-02-16T00:00:00Z,0.183688692027-03-15T00:00:00Z,0.527510172027-04-15T00:00:00Z,6.8971162027-05-15T00:00:00Z,12.4116282027-06-15T00:00:00Z,17.1954752027-07-15T00:00:00Z,20.9182852027-08-15T00:00:00Z,20.4419362027-09-15T00:00:00Z,15.4057812027-10-15T00:00:00Z,9.4043752027-11-15T00:00:00Z,1.38768062027-12-15T00:00:00Z,-3.10402272028-01-16T00:00:00Z,0.188049512028-02-16T00:00:00Z,0.975457852028-03-15T00:00:00Z,2.72543722028-04-15T00:00:00Z,6.84703452028-05-15T00:00:00Z,12.90201952028-06-15T00:00:00Z,17.4616282028-07-15T00:00:00Z,21.1812972028-08-15T00:00:00Z,19.7621232028-09-15T00:00:00Z,16.1970122028-10-15T00:00:00Z,10.3271282028-11-15T00:00:00Z,5.0161622028-12-15T00:00:00Z,-2.18061852029-01-16T00:00:00Z,-2.1214992029-02-16T00:00:00Z,0.96720642029-03-15T00:00:00Z,4.02343752029-04-15T00:00:00Z,9.2213812029-05-15T00:00:00Z,12.8734192029-06-15T00:00:00Z,18.0837652029-07-15T00:00:00Z,21.508042029-08-15T00:00:00Z,19.8084322029-09-15T00:00:00Z,16.8811932029-10-15T00:00:00Z,11.6373022029-11-15T00:00:00Z,2.97279522029-12-15T00:00:00Z,0.34698342030-01-16T00:00:00Z,-4.85984952030-02-16T00:00:00Z,1.15524282030-03-15T00:00:00Z,5.45014672030-04-15T00:00:00Z,11.0834172030-05-15T00:00:00Z,14.75435452030-06-15T00:00:00Z,18.6181282030-07-15T00:00:00Z,21.719892030-08-15T00:00:00Z,19.2567752030-09-15T00:00:00Z,15.8776732030-10-15T00:00:00Z,10.563792030-11-15T00:00:00Z,5.52440362030-12-15T00:00:00Z,0.990332252031-01-16T00:00:00Z,-0.893785832031-02-16T00:00:00Z,0.0465633762031-03-15T00:00:00Z,4.95109842031-04-15T00:00:00Z,8.2392832031-05-15T00:00:00Z,13.1134922031-06-15T00:00:00Z,16.8797072031-07-15T00:00:00Z,20.5514552031-08-15T00:00:00Z,19.8483472031-09-15T00:00:00Z,15.813742031-10-15T00:00:00Z,9.0568732031-11-15T00:00:00Z,2.0802992031-12-15T00:00:00Z,-3.73485282032-01-16T00:00:00Z,-5.8863252032-02-16T00:00:00Z,-4.3659132032-03-15T00:00:00Z,3.42182142032-04-15T00:00:00Z,9.6653792032-05-15T00:00:00Z,13.8058112032-06-15T00:00:00Z,19.0386222032-07-15T00:00:00Z,21.3519552032-08-15T00:00:00Z,20.9898512032-09-15T00:00:00Z,15.1155772032-10-15T00:00:00Z,9.837062032-11-15T00:00:00Z,2.7218312032-12-15T00:00:00Z,-3.59260872033-01-16T00:00:00Z,-3.22200132033-02-16T00:00:00Z,0.300922332033-03-15T00:00:00Z,3.16513852033-04-15T00:00:00Z,6.94388772033-05-15T00:00:00Z,13.1511752033-06-15T00:00:00Z,19.6635382033-07-15T00:00:00Z,21.2066542033-08-15T00:00:00Z,19.6239282033-09-15T00:00:00Z,15.875272033-10-15T00:00:00Z,8.9481812033-11-15T00:00:00Z,3.1739362033-12-15T00:00:00Z,0.309313152034-01-16T00:00:00Z,-5.13852072034-02-16T00:00:00Z,-0.26883582034-03-15T00:00:00Z,0.733492262034-04-15T00:00:00Z,5.13218162034-05-15T00:00:00Z,13.3249252034-06-15T00:00:00Z,17.6905572034-07-15T00:00:00Z,19.9881672034-08-15T00:00:00Z,19.3392892034-09-15T00:00:00Z,16.1407342034-10-15T00:00:00Z,10.7499212034-11-15T00:00:00Z,2.98638422034-12-15T00:00:00Z,-6.0996862035-01-16T00:00:00Z,-2.64637952035-02-16T00:00:00Z,-2.1759742035-03-15T00:00:00Z,0.65167472035-04-15T00:00:00Z,6.52514742035-05-15T00:00:00Z,13.0231222035-06-15T00:00:00Z,17.6907082035-07-15T00:00:00Z,20.9140832035-08-15T00:00:00Z,20.7595332035-09-15T00:00:00Z,16.5828192035-10-15T00:00:00Z,9.3440362035-11-15T00:00:00Z,4.02719642035-12-15T00:00:00Z,-2.24478862036-01-16T00:00:00Z,-4.47037652036-02-16T00:00:00Z,0.76392172036-03-15T00:00:00Z,4.6908352036-04-15T00:00:00Z,6.9375982036-05-15T00:00:00Z,13.1473992036-06-15T00:00:00Z,19.9372982036-07-15T00:00:00Z,20.7719272036-08-15T00:00:00Z,20.2899862036-09-15T00:00:00Z,15.1717752036-10-15T00:00:00Z,9.7858522036-11-15T00:00:00Z,3.61083532036-12-15T00:00:00Z,-3.1668582037-01-16T00:00:00Z,-1.27073042037-02-16T00:00:00Z,0.095729972037-03-15T00:00:00Z,5.2289732037-04-15T00:00:00Z,10.3662262037-05-15T00:00:00Z,14.872782037-06-15T00:00:00Z,18.8275952037-07-15T00:00:00Z,22.378632037-08-15T00:00:00Z,20.406372037-09-15T00:00:00Z,16.0860772037-10-15T00:00:00Z,10.32665352037-11-15T00:00:00Z,1.4757492037-12-15T00:00:00Z,-1.26775832038-01-16T00:00:00Z,-1.70159242038-02-16T00:00:00Z,0.805454552038-03-15T00:00:00Z,3.86320192038-04-15T00:00:00Z,8.1842752038-05-15T00:00:00Z,14.2897572038-06-15T00:00:00Z,19.9419482038-07-15T00:00:00Z,22.2434022038-08-15T00:00:00Z,21.051672038-09-15T00:00:00Z,15.6943132038-10-15T00:00:00Z,10.9953312038-11-15T00:00:00Z,4.99025252038-12-15T00:00:00Z,-1.58327632039-01-16T00:00:00Z,-3.24994182039-02-16T00:00:00Z,0.693443242039-03-15T00:00:00Z,2.3563212039-04-15T00:00:00Z,7.08084442039-05-15T00:00:00Z,13.636642039-06-15T00:00:00Z,17.9939442039-07-15T00:00:00Z,20.898412039-08-15T00:00:00Z,20.0309452039-09-15T00:00:00Z,16.9854642039-10-15T00:00:00Z,12.6092722039-11-15T00:00:00Z,4.71473932039-12-15T00:00:00Z,-2.50641162040-01-16T00:00:00Z,-3.21468162040-02-16T00:00:00Z,2.71896862040-03-15T00:00:00Z,4.6499242040-04-15T00:00:00Z,6.91585452040-05-15T00:00:00Z,14.68835452040-06-15T00:00:00Z,19.3811052040-07-15T00:00:00Z,22.0785082040-08-15T00:00:00Z,22.3848322040-09-15T00:00:00Z,17.4622692040-10-15T00:00:00Z,9.3052812040-11-15T00:00:00Z,2.2127952040-12-15T00:00:00Z,-0.519345342041-01-16T00:00:00Z,-2.30875782041-02-16T00:00:00Z,-2.10959842041-03-15T00:00:00Z,5.07809542041-04-15T00:00:00Z,9.274942041-05-15T00:00:00Z,15.0158452041-06-15T00:00:00Z,19.7660082041-07-15T00:00:00Z,22.7016012041-08-15T00:00:00Z,21.0468352041-09-15T00:00:00Z,17.9675582041-10-15T00:00:00Z,13.2751162041-11-15T00:00:00Z,4.81758742041-12-15T00:00:00Z,-1.85942342042-01-16T00:00:00Z,-5.08989762042-02-16T00:00:00Z,-0.4440062042-03-15T00:00:00Z,1.75043762042-04-15T00:00:00Z,8.755342042-05-15T00:00:00Z,15.54739952042-06-15T00:00:00Z,17.3825862042-07-15T00:00:00Z,21.9134142042-08-15T00:00:00Z,20.606292042-09-15T00:00:00Z,17.6916432042-10-15T00:00:00Z,10.0748182042-11-15T00:00:00Z,2.81716682042-12-15T00:00:00Z,1.77611942043-01-16T00:00:00Z,-4.39515732043-02-16T00:00:00Z,-0.084571632043-03-15T00:00:00Z,1.70762382043-04-15T00:00:00Z,7.22365432043-05-15T00:00:00Z,12.2967372043-06-15T00:00:00Z,18.7349192043-07-15T00:00:00Z,21.7844032043-08-15T00:00:00Z,21.6176452043-09-15T00:00:00Z,16.0934242043-10-15T00:00:00Z,11.4899552043-11-15T00:00:00Z,3.43634822043-12-15T00:00:00Z,-1.21333292044-01-16T00:00:00Z,-5.03968572044-02-16T00:00:00Z,-2.85810452044-03-15T00:00:00Z,1.89887032044-04-15T00:00:00Z,8.0856172044-05-15T00:00:00Z,13.2212392044-06-15T00:00:00Z,20.4674472044-07-15T00:00:00Z,20.9792352044-08-15T00:00:00Z,20.6166572044-09-15T00:00:00Z,17.7752862044-10-15T00:00:00Z,13.09038452044-11-15T00:00:00Z,3.50168162044-12-15T00:00:00Z,-1.35432292045-01-16T00:00:00Z,-6.07762052045-02-16T00:00:00Z,-4.2061542045-03-15T00:00:00Z,3.48079562045-04-15T00:00:00Z,6.89585072045-05-15T00:00:00Z,13.125622045-06-15T00:00:00Z,18.907242045-07-15T00:00:00Z,22.6170222045-08-15T00:00:00Z,20.5299362045-09-15T00:00:00Z,18.5061112045-10-15T00:00:00Z,8.4116862045-11-15T00:00:00Z,3.12861732045-12-15T00:00:00Z,-0.414260922046-01-16T00:00:00Z,1.80012692046-02-16T00:00:00Z,1.14177992046-03-15T00:00:00Z,2.04061562046-04-15T00:00:00Z,7.45008852046-05-15T00:00:00Z,13.4981042046-06-15T00:00:00Z,17.3254432046-07-15T00:00:00Z,20.8253942046-08-15T00:00:00Z,20.8299372046-09-15T00:00:00Z,15.6943562046-10-15T00:00:00Z,11.0314792046-11-15T00:00:00Z,5.4915722046-12-15T00:00:00Z,-2.576222047-01-16T00:00:00Z,-0.420920342047-02-16T00:00:00Z,-1.34633182047-03-15T00:00:00Z,0.463577752047-04-15T00:00:00Z,7.22754672047-05-15T00:00:00Z,12.7010762047-06-15T00:00:00Z,18.3485182047-07-15T00:00:00Z,20.4070742047-08-15T00:00:00Z,21.3105352047-09-15T00:00:00Z,18.2999742047-10-15T00:00:00Z,12.3703922047-11-15T00:00:00Z,3.17634342047-12-15T00:00:00Z,-1.62201812048-01-16T00:00:00Z,-4.7501222048-02-16T00:00:00Z,-1.7235332048-03-15T00:00:00Z,2.3475012048-04-15T00:00:00Z,10.66122048-05-15T00:00:00Z,14.6634442048-06-15T00:00:00Z,21.140032048-07-15T00:00:00Z,23.136632048-08-15T00:00:00Z,23.298162048-09-15T00:00:00Z,17.0452542048-10-15T00:00:00Z,12.38353352048-11-15T00:00:00Z,2.99101142048-12-15T00:00:00Z,0.77118022049-01-16T00:00:00Z,-0.238021842049-02-16T00:00:00Z,0.823120242049-03-15T00:00:00Z,2.0966852049-04-15T00:00:00Z,7.1531042049-05-15T00:00:00Z,13.7887772049-06-15T00:00:00Z,20.1877292049-07-15T00:00:00Z,22.7438132049-08-15T00:00:00Z,23.2407742049-09-15T00:00:00Z,18.1999422049-10-15T00:00:00Z,9.9378122049-11-15T00:00:00Z,3.5088272049-12-15T00:00:00Z,-3.14473842050-01-16T00:00:00Z,-0.703310672050-02-16T00:00:00Z,2.91416032050-03-15T00:00:00Z,4.6075682050-04-15T00:00:00Z,10.736092050-05-15T00:00:00Z,14.9086472050-06-15T00:00:00Z,18.8261472050-07-15T00:00:00Z,23.1244932050-08-15T00:00:00Z,23.3758282050-09-15T00:00:00Z,18.358592050-10-15T00:00:00Z,10.7630322050-11-15T00:00:00Z,6.7487632050-12-15T00:00:00Z,-2.67794562051-01-16T00:00:00Z,-5.3736512051-02-16T00:00:00Z,2.01049612051-03-15T00:00:00Z,3.608722051-04-15T00:00:00Z,6.9503792051-05-15T00:00:00Z,14.024312051-06-15T00:00:00Z,18.1059112051-07-15T00:00:00Z,22.865272051-08-15T00:00:00Z,21.7678572051-09-15T00:00:00Z,16.1942062051-10-15T00:00:00Z,10.8158272051-11-15T00:00:00Z,3.03833222051-12-15T00:00:00Z,-3.93793752052-01-16T00:00:00Z,-5.35659032052-02-16T00:00:00Z,-3.06801842052-03-15T00:00:00Z,5.94748452052-04-15T00:00:00Z,10.199852052-05-15T00:00:00Z,15.0351252052-06-15T00:00:00Z,19.6556992052-07-15T00:00:00Z,24.7199922052-08-15T00:00:00Z,23.1360722052-09-15T00:00:00Z,18.6178682052-10-15T00:00:00Z,11.6726182052-11-15T00:00:00Z,5.18982122052-12-15T00:00:00Z,-2.03695752053-01-16T00:00:00Z,-4.91508772053-02-16T00:00:00Z,3.42763352053-03-15T00:00:00Z,9.2770662053-04-15T00:00:00Z,11.42048552053-05-15T00:00:00Z,15.1190862053-06-15T00:00:00Z,20.8921012053-07-15T00:00:00Z,24.5736892053-08-15T00:00:00Z,22.4908812053-09-15T00:00:00Z,19.7617872053-10-15T00:00:00Z,11.6144452053-11-15T00:00:00Z,5.43582872053-12-15T00:00:00Z,-3.03322632054-01-16T00:00:00Z,-3.3821092054-02-16T00:00:00Z,0.0044477252054-03-15T00:00:00Z,3.43528682054-04-15T00:00:00Z,8.9108822054-05-15T00:00:00Z,13.6250282054-06-15T00:00:00Z,21.2566222054-07-15T00:00:00Z,23.757662054-08-15T00:00:00Z,21.7431372054-09-15T00:00:00Z,17.7205222054-10-15T00:00:00Z,12.727112054-11-15T00:00:00Z,5.5756812054-12-15T00:00:00Z,1.5234622055-01-16T00:00:00Z,-2.01233532055-02-16T00:00:00Z,1.51366652055-03-15T00:00:00Z,2.67603422055-04-15T00:00:00Z,10.4372252055-05-15T00:00:00Z,13.0157522055-06-15T00:00:00Z,18.5802252055-07-15T00:00:00Z,22.5510222055-08-15T00:00:00Z,20.7215482055-09-15T00:00:00Z,18.6497692055-10-15T00:00:00Z,11.868082055-11-15T00:00:00Z,7.213992055-12-15T00:00:00Z,-2.41220072056-01-16T00:00:00Z,-0.78386322056-02-16T00:00:00Z,-0.084104412056-03-15T00:00:00Z,2.70992042056-04-15T00:00:00Z,4.0805192056-05-15T00:00:00Z,13.6685612056-06-15T00:00:00Z,18.54752056-07-15T00:00:00Z,22.7519172056-08-15T00:00:00Z,20.6138062056-09-15T00:00:00Z,19.104042056-10-15T00:00:00Z,13.0214952056-11-15T00:00:00Z,5.0091662056-12-15T00:00:00Z,-0.56725712057-01-16T00:00:00Z,-1.63897042057-02-16T00:00:00Z,1.10363692057-03-15T00:00:00Z,4.00751922057-04-15T00:00:00Z,7.62206362057-05-15T00:00:00Z,13.6603062057-06-15T00:00:00Z,18.3203952057-07-15T00:00:00Z,23.5193542057-08-15T00:00:00Z,22.6105922057-09-15T00:00:00Z,17.730022057-10-15T00:00:00Z,13.7023532057-11-15T00:00:00Z,3.84205272057-12-15T00:00:00Z,1.82131272058-01-16T00:00:00Z,-2.80747912058-02-16T00:00:00Z,3.61744212058-03-15T00:00:00Z,2.20521662058-04-15T00:00:00Z,9.2705752058-05-15T00:00:00Z,14.9171712058-06-15T00:00:00Z,21.5663262058-07-15T00:00:00Z,23.7793672058-08-15T00:00:00Z,22.1950532058-09-15T00:00:00Z,19.4998362058-10-15T00:00:00Z,12.8152052058-11-15T00:00:00Z,6.1125122058-12-15T00:00:00Z,2.98979832059-01-16T00:00:00Z,-1.39925282059-02-16T00:00:00Z,-2.41652732059-03-15T00:00:00Z,3.41016862059-04-15T00:00:00Z,7.1379592059-05-15T00:00:00Z,14.91793252059-06-15T00:00:00Z,19.5494212059-07-15T00:00:00Z,22.3299832059-08-15T00:00:00Z,21.8950022059-09-15T00:00:00Z,18.8716142059-10-15T00:00:00Z,9.26972059-11-15T00:00:00Z,3.79566262059-12-15T00:00:00Z,0.51393672060-01-16T00:00:00Z,-3.07007722060-02-16T00:00:00Z,0.77557752060-03-15T00:00:00Z,3.12496282060-04-15T00:00:00Z,9.7200572060-05-15T00:00:00Z,16.2614692060-06-15T00:00:00Z,19.0792882060-07-15T00:00:00Z,22.24892060-08-15T00:00:00Z,21.072732060-09-15T00:00:00Z,15.1384112060-10-15T00:00:00Z,11.9893692060-11-15T00:00:00Z,4.4089722060-12-15T00:00:00Z,-0.94265852061-01-16T00:00:00Z,2.33552272061-02-16T00:00:00Z,0.847924052061-03-15T00:00:00Z,3.33514712061-04-15T00:00:00Z,10.3032212061-05-15T00:00:00Z,15.9243442061-06-15T00:00:00Z,21.7887672061-07-15T00:00:00Z,23.4869542061-08-15T00:00:00Z,23.6324922061-09-15T00:00:00Z,17.038172061-10-15T00:00:00Z,11.5533352061-11-15T00:00:00Z,5.42536352061-12-15T00:00:00Z,-1.07137982062-01-16T00:00:00Z,-0.60296542062-02-16T00:00:00Z,2.61694122062-03-15T00:00:00Z,4.01858042062-04-15T00:00:00Z,12.746512062-05-15T00:00:00Z,17.380282062-06-15T00:00:00Z,19.1785642062-07-15T00:00:00Z,23.8056852062-08-15T00:00:00Z,21.4449252062-09-15T00:00:00Z,17.3493542062-10-15T00:00:00Z,12.1384452062-11-15T00:00:00Z,3.95848542062-12-15T00:00:00Z,-0.370705842063-01-16T00:00:00Z,-0.53101772063-02-16T00:00:00Z,0.176170222063-03-15T00:00:00Z,2.77859142063-04-15T00:00:00Z,7.81139372063-05-15T00:00:00Z,14.3552832063-06-15T00:00:00Z,19.2949182063-07-15T00:00:00Z,21.1773222063-08-15T00:00:00Z,21.8939552063-09-15T00:00:00Z,19.883442063-10-15T00:00:00Z,12.9311972063-11-15T00:00:00Z,4.476592063-12-15T00:00:00Z,-1.41029452064-01-16T00:00:00Z,-2.82597642064-02-16T00:00:00Z,2.3228562064-03-15T00:00:00Z,8.7497092064-04-15T00:00:00Z,12.4335722064-05-15T00:00:00Z,17.33722064-06-15T00:00:00Z,19.4354862064-07-15T00:00:00Z,23.4631332064-08-15T00:00:00Z,22.0729522064-09-15T00:00:00Z,18.6775822064-10-15T00:00:00Z,14.4866052064-11-15T00:00:00Z,6.7851372064-12-15T00:00:00Z,-2.057992065-01-16T00:00:00Z,-0.96063282065-02-16T00:00:00Z,3.3338532065-03-15T00:00:00Z,2.36322142065-04-15T00:00:00Z,8.0628912065-05-15T00:00:00Z,17.2757782065-06-15T00:00:00Z,21.615492065-07-15T00:00:00Z,22.9301782065-08-15T00:00:00Z,22.4959682065-09-15T00:00:00Z,17.7606142065-10-15T00:00:00Z,11.6150542065-11-15T00:00:00Z,3.33493952065-12-15T00:00:00Z,-0.83458182066-01-16T00:00:00Z,-1.3016692066-02-16T00:00:00Z,1.95933322066-03-15T00:00:00Z,7.41962582066-04-15T00:00:00Z,11.1372662066-05-15T00:00:00Z,15.374182066-06-15T00:00:00Z,21.9184632066-07-15T00:00:00Z,23.5974452066-08-15T00:00:00Z,22.942482066-09-15T00:00:00Z,18.2875392066-10-15T00:00:00Z,14.4035832066-11-15T00:00:00Z,2.1508822066-12-15T00:00:00Z,-1.0883752067-01-16T00:00:00Z,-3.6522162067-02-16T00:00:00Z,0.056850082067-03-15T00:00:00Z,4.196562067-04-15T00:00:00Z,8.3490352067-05-15T00:00:00Z,15.6630342067-06-15T00:00:00Z,20.1739392067-07-15T00:00:00Z,24.8801922067-08-15T00:00:00Z,22.9119912067-09-15T00:00:00Z,18.7673362067-10-15T00:00:00Z,13.0875112067-11-15T00:00:00Z,6.87571952067-12-15T00:00:00Z,-1.29343772068-01-16T00:00:00Z,-3.47125842068-02-16T00:00:00Z,4.37258242068-03-15T00:00:00Z,4.3707192068-04-15T00:00:00Z,7.06003862068-05-15T00:00:00Z,15.4011192068-06-15T00:00:00Z,22.1399042068-07-15T00:00:00Z,23.8937762068-08-15T00:00:00Z,23.8118672068-09-15T00:00:00Z,20.3071062068-10-15T00:00:00Z,14.8121392068-11-15T00:00:00Z,5.0073092068-12-15T00:00:00Z,-1.03913022069-01-16T00:00:00Z,-0.236840192069-02-16T00:00:00Z,-0.0251908562069-03-15T00:00:00Z,5.5024812069-04-15T00:00:00Z,12.0117292069-05-15T00:00:00Z,16.322352069-06-15T00:00:00Z,21.4243722069-07-15T00:00:00Z,23.8586352069-08-15T00:00:00Z,23.1761762069-09-15T00:00:00Z,19.6193142069-10-15T00:00:00Z,11.294042069-11-15T00:00:00Z,3.52755282069-12-15T00:00:00Z,2.40241272070-01-16T00:00:00Z,-0.9497812070-02-16T00:00:00Z,4.01898342070-03-15T00:00:00Z,4.6950122070-04-15T00:00:00Z,12.2260472070-05-15T00:00:00Z,16.118132070-06-15T00:00:00Z,21.1223622070-07-15T00:00:00Z,25.1008742070-08-15T00:00:00Z,23.546322070-09-15T00:00:00Z,20.3225752070-10-15T00:00:00Z,13.4150182070-11-15T00:00:00Z,5.32745842070-12-15T00:00:00Z,1.13755882071-01-16T00:00:00Z,-2.1773832071-02-16T00:00:00Z,0.446857572071-03-15T00:00:00Z,7.5918212071-04-15T00:00:00Z,9.2900662071-05-15T00:00:00Z,16.158722071-06-15T00:00:00Z,22.686672071-07-15T00:00:00Z,25.5254612071-08-15T00:00:00Z,22.7540322071-09-15T00:00:00Z,19.3503252071-10-15T00:00:00Z,11.739222071-11-15T00:00:00Z,4.308552071-12-15T00:00:00Z,1.87054512072-01-16T00:00:00Z,0.287600642072-02-16T00:00:00Z,2.39284562072-03-15T00:00:00Z,4.31350372072-04-15T00:00:00Z,9.492922072-05-15T00:00:00Z,15.0813082072-06-15T00:00:00Z,19.8634512072-07-15T00:00:00Z,22.4378152072-08-15T00:00:00Z,22.0841082072-09-15T00:00:00Z,19.4422992072-10-15T00:00:00Z,12.3258492072-11-15T00:00:00Z,1.7863382072-12-15T00:00:00Z,-1.19270922073-01-16T00:00:00Z,-3.92323732073-02-16T00:00:00Z,2.09920052073-03-15T00:00:00Z,2.99124862073-04-15T00:00:00Z,7.9709952073-05-15T00:00:00Z,15.0914372073-06-15T00:00:00Z,20.166182073-07-15T00:00:00Z,22.9346562073-08-15T00:00:00Z,21.7714922073-09-15T00:00:00Z,18.298312073-10-15T00:00:00Z,12.3661472073-11-15T00:00:00Z,3.83295822073-12-15T00:00:00Z,-1.36394372074-01-16T00:00:00Z,-0.53926572074-02-16T00:00:00Z,-1.36081792074-03-15T00:00:00Z,5.18031072074-04-15T00:00:00Z,5.2441822074-05-15T00:00:00Z,14.6401532074-06-15T00:00:00Z,22.3864252074-07-15T00:00:00Z,23.4034332074-08-15T00:00:00Z,22.6960072074-09-15T00:00:00Z,19.4910642074-10-15T00:00:00Z,14.5421692074-11-15T00:00:00Z,5.69140052074-12-15T00:00:00Z,0.869671052075-01-16T00:00:00Z,2.22797442075-02-16T00:00:00Z,1.09227612075-03-15T00:00:00Z,7.9598272075-04-15T00:00:00Z,13.1578882075-05-15T00:00:00Z,15.5419262075-06-15T00:00:00Z,22.6849292075-07-15T00:00:00Z,24.512722075-08-15T00:00:00Z,23.1778452075-09-15T00:00:00Z,19.7338712075-10-15T00:00:00Z,14.254032075-11-15T00:00:00Z,6.54766132075-12-15T00:00:00Z,3.10901212076-01-16T00:00:00Z,-1.52811832076-02-16T00:00:00Z,-0.14999592076-03-15T00:00:00Z,4.3878872076-04-15T00:00:00Z,8.1151392076-05-15T00:00:00Z,14.1797112076-06-15T00:00:00Z,20.184032076-07-15T00:00:00Z,22.9849932076-08-15T00:00:00Z,22.0600762076-09-15T00:00:00Z,18.2897262076-10-15T00:00:00Z,13.065262076-11-15T00:00:00Z,6.90982872076-12-15T00:00:00Z,0.91730412077-01-16T00:00:00Z,-2.16315872077-02-16T00:00:00Z,3.22624972077-03-15T00:00:00Z,5.09346342077-04-15T00:00:00Z,9.5321562077-05-15T00:00:00Z,15.3468132077-06-15T00:00:00Z,19.6275182077-07-15T00:00:00Z,23.9400712077-08-15T00:00:00Z,23.0176182077-09-15T00:00:00Z,18.3746432077-10-15T00:00:00Z,13.5480612077-11-15T00:00:00Z,6.480452077-12-15T00:00:00Z,-2.7196212078-01-16T00:00:00Z,-0.61845132078-02-16T00:00:00Z,-3.04256422078-03-15T00:00:00Z,5.18048952078-04-15T00:00:00Z,10.9648962078-05-15T00:00:00Z,15.4341482078-06-15T00:00:00Z,21.7112462078-07-15T00:00:00Z,24.144822078-08-15T00:00:00Z,22.287682078-09-15T00:00:00Z,18.3236562078-10-15T00:00:00Z,13.9092542078-11-15T00:00:00Z,5.55942078-12-15T00:00:00Z,-1.05792392079-01-16T00:00:00Z,1.22918052079-02-16T00:00:00Z,0.61594222079-03-15T00:00:00Z,6.5663482079-04-15T00:00:00Z,9.0129412079-05-15T00:00:00Z,14.7988372079-06-15T00:00:00Z,20.3222452079-07-15T00:00:00Z,24.5052322079-08-15T00:00:00Z,23.2663042079-09-15T00:00:00Z,19.7228152079-10-15T00:00:00Z,16.603392079-11-15T00:00:00Z,7.0759652079-12-15T00:00:00Z,-0.87547462080-01-16T00:00:00Z,-2.17662242080-02-16T00:00:00Z,2.0992232080-03-15T00:00:00Z,6.9425432080-04-15T00:00:00Z,10.6381212080-05-15T00:00:00Z,15.8654212080-06-15T00:00:00Z,21.0174482080-07-15T00:00:00Z,23.9853572080-08-15T00:00:00Z,23.6689952080-09-15T00:00:00Z,19.1093732080-10-15T00:00:00Z,14.6360532080-11-15T00:00:00Z,3.87244752080-12-15T00:00:00Z,-1.61786752081-01-16T00:00:00Z,-0.501293242081-02-16T00:00:00Z,-0.0562784522081-03-15T00:00:00Z,3.67185122081-04-15T00:00:00Z,7.62991432081-05-15T00:00:00Z,15.5447492081-06-15T00:00:00Z,21.7879492081-07-15T00:00:00Z,22.6758842081-08-15T00:00:00Z,22.4613742081-09-15T00:00:00Z,19.0844172081-10-15T00:00:00Z,10.3067852081-11-15T00:00:00Z,5.0932262081-12-15T00:00:00Z,-2.1547782082-01-16T00:00:00Z,1.15614212082-02-16T00:00:00Z,0.62905472082-03-15T00:00:00Z,4.10948322082-04-15T00:00:00Z,9.8147482082-05-15T00:00:00Z,14.8540762082-06-15T00:00:00Z,20.6192232082-07-15T00:00:00Z,24.4404372082-08-15T00:00:00Z,23.8724172082-09-15T00:00:00Z,20.8995572082-10-15T00:00:00Z,13.5251022082-11-15T00:00:00Z,7.71896932082-12-15T00:00:00Z,-0.481545752083-01-16T00:00:00Z,-1.65863362083-02-16T00:00:00Z,-0.0234876032083-03-15T00:00:00Z,7.3725452083-04-15T00:00:00Z,10.1907422083-05-15T00:00:00Z,14.4087182083-06-15T00:00:00Z,20.275562083-07-15T00:00:00Z,24.5325812083-08-15T00:00:00Z,24.052362083-09-15T00:00:00Z,21.3646072083-10-15T00:00:00Z,13.6275892083-11-15T00:00:00Z,3.98923422083-12-15T00:00:00Z,0.87493412084-01-16T00:00:00Z,2.58736852084-02-16T00:00:00Z,-1.28878052084-03-15T00:00:00Z,6.45371632084-04-15T00:00:00Z,13.0505572084-05-15T00:00:00Z,17.3912982084-06-15T00:00:00Z,23.4317632084-07-15T00:00:00Z,25.2035982084-08-15T00:00:00Z,24.0875022084-09-15T00:00:00Z,19.9966772084-10-15T00:00:00Z,15.6671682084-11-15T00:00:00Z,5.46232272084-12-15T00:00:00Z,-0.18097052085-01-16T00:00:00Z,0.68722792085-02-16T00:00:00Z,4.3118592085-03-15T00:00:00Z,3.63411472085-04-15T00:00:00Z,10.8760982085-05-15T00:00:00Z,15.3372662085-06-15T00:00:00Z,18.9297682085-07-15T00:00:00Z,23.6235922085-08-15T00:00:00Z,22.8512952085-09-15T00:00:00Z,18.5721512085-10-15T00:00:00Z,12.0523442085-11-15T00:00:00Z,4.25639532085-12-15T00:00:00Z,0.43657862086-01-16T00:00:00Z,-1.66931992086-02-16T00:00:00Z,1.38111332086-03-15T00:00:00Z,1.64649752086-04-15T00:00:00Z,5.8569432086-05-15T00:00:00Z,15.3419012086-06-15T00:00:00Z,20.8166472086-07-15T00:00:00Z,25.5755562086-08-15T00:00:00Z,23.2795852086-09-15T00:00:00Z,20.5460662086-10-15T00:00:00Z,13.1286512086-11-15T00:00:00Z,6.91179282086-12-15T00:00:00Z,0.89118762087-01-16T00:00:00Z,4.6689562087-02-16T00:00:00Z,4.16710422087-03-15T00:00:00Z,6.53692772087-04-15T00:00:00Z,13.5631212087-05-15T00:00:00Z,16.2126622087-06-15T00:00:00Z,23.5770552087-07-15T00:00:00Z,25.2732162087-08-15T00:00:00Z,23.5843352087-09-15T00:00:00Z,20.3938482087-10-15T00:00:00Z,15.7220562087-11-15T00:00:00Z,7.86559962087-12-15T00:00:00Z,-0.181749052088-01-16T00:00:00Z,-1.05388832088-02-16T00:00:00Z,5.3761252088-03-15T00:00:00Z,7.89272452088-04-15T00:00:00Z,9.6475462088-05-15T00:00:00Z,15.9293952088-06-15T00:00:00Z,22.8399432088-07-15T00:00:00Z,22.7194082088-08-15T00:00:00Z,23.9739342088-09-15T00:00:00Z,22.2904722088-10-15T00:00:00Z,14.0844432088-11-15T00:00:00Z,9.2106112088-12-15T00:00:00Z,1.07655752089-01-16T00:00:00Z,1.73966932089-02-16T00:00:00Z,2.1693082089-03-15T00:00:00Z,8.1162252089-04-15T00:00:00Z,11.8888932089-05-15T00:00:00Z,16.9728372089-06-15T00:00:00Z,23.2526322089-07-15T00:00:00Z,23.3542632089-08-15T00:00:00Z,23.9116292089-09-15T00:00:00Z,21.5039042089-10-15T00:00:00Z,16.3302542089-11-15T00:00:00Z,6.7776192089-12-15T00:00:00Z,-1.2087182090-01-16T00:00:00Z,3.28185252090-02-16T00:00:00Z,0.144863552090-03-15T00:00:00Z,3.98527222090-04-15T00:00:00Z,8.6844552090-05-15T00:00:00Z,16.433122090-06-15T00:00:00Z,21.512922090-07-15T00:00:00Z,24.4554792090-08-15T00:00:00Z,23.455192090-09-15T00:00:00Z,19.8020762090-10-15T00:00:00Z,13.44885352090-11-15T00:00:00Z,4.9840942090-12-15T00:00:00Z,-0.832848132091-01-16T00:00:00Z,0.32905412091-02-16T00:00:00Z,3.01504022091-03-15T00:00:00Z,4.18195872091-04-15T00:00:00Z,9.1634372091-05-15T00:00:00Z,16.6974642091-06-15T00:00:00Z,21.7021662091-07-15T00:00:00Z,24.5866782091-08-15T00:00:00Z,23.6994082091-09-15T00:00:00Z,22.042922091-10-15T00:00:00Z,15.8574782091-11-15T00:00:00Z,6.0787882091-12-15T00:00:00Z,0.92694052092-01-16T00:00:00Z,1.26693432092-02-16T00:00:00Z,5.1871582092-03-15T00:00:00Z,5.14609242092-04-15T00:00:00Z,12.4347392092-05-15T00:00:00Z,15.5590692092-06-15T00:00:00Z,19.2503242092-07-15T00:00:00Z,23.8662532092-08-15T00:00:00Z,23.5905462092-09-15T00:00:00Z,20.148392092-10-15T00:00:00Z,14.3466622092-11-15T00:00:00Z,8.1815242092-12-15T00:00:00Z,-6.02644442093-01-16T00:00:00Z,0.57370992093-02-16T00:00:00Z,0.64911692093-03-15T00:00:00Z,6.9190852093-04-15T00:00:00Z,9.4543092093-05-15T00:00:00Z,15.532382093-06-15T00:00:00Z,23.3062862093-07-15T00:00:00Z,24.61552093-08-15T00:00:00Z,24.5234452093-09-15T00:00:00Z,20.5897482093-10-15T00:00:00Z,14.6057642093-11-15T00:00:00Z,6.21997642093-12-15T00:00:00Z,0.78884822094-01-16T00:00:00Z,1.17065142094-02-16T00:00:00Z,2.13863092094-03-15T00:00:00Z,4.03803872094-04-15T00:00:00Z,11.1293452094-05-15T00:00:00Z,15.8303132094-06-15T00:00:00Z,19.2536262094-07-15T00:00:00Z,23.863652094-08-15T00:00:00Z,22.621522094-09-15T00:00:00Z,18.0278282094-10-15T00:00:00Z,14.8312352094-11-15T00:00:00Z,7.20310742094-12-15T00:00:00Z,-1.51393452095-01-16T00:00:00Z,-3.5808372095-02-16T00:00:00Z,1.59194152095-03-15T00:00:00Z,6.400512095-04-15T00:00:00Z,10.1394252095-05-15T00:00:00Z,15.05238152095-06-15T00:00:00Z,22.1234632095-07-15T00:00:00Z,24.2687152095-08-15T00:00:00Z,22.7416292095-09-15T00:00:00Z,17.7389552095-10-15T00:00:00Z,11.5798522095-11-15T00:00:00Z,4.46554142095-12-15T00:00:00Z,-0.262856872096-01-16T00:00:00Z,-3.29016642096-02-16T00:00:00Z,3.20136862096-03-15T00:00:00Z,6.2210782096-04-15T00:00:00Z,7.95153332096-05-15T00:00:00Z,15.2358752096-06-15T00:00:00Z,19.1989382096-07-15T00:00:00Z,22.7976632096-08-15T00:00:00Z,21.927592096-09-15T00:00:00Z,18.7275962096-10-15T00:00:00Z,13.0443212096-11-15T00:00:00Z,3.47033762096-12-15T00:00:00Z,1.37375192097-01-16T00:00:00Z,0.196289182097-02-16T00:00:00Z,1.87168562097-03-15T00:00:00Z,4.2392242097-04-15T00:00:00Z,11.4414662097-05-15T00:00:00Z,15.3874062097-06-15T00:00:00Z,21.551922097-07-15T00:00:00Z,23.5034472097-08-15T00:00:00Z,24.4674472097-09-15T00:00:00Z,20.4622212097-10-15T00:00:00Z,14.966642097-11-15T00:00:00Z,7.7641712097-12-15T00:00:00Z,-0.64486462098-01-16T00:00:00Z,-0.227865142098-02-16T00:00:00Z,1.0025472098-03-15T00:00:00Z,5.8361492098-04-15T00:00:00Z,10.8419262098-05-15T00:00:00Z,16.6671662098-06-15T00:00:00Z,22.1523282098-07-15T00:00:00Z,25.682098-08-15T00:00:00Z,23.0450462098-09-15T00:00:00Z,20.598242098-10-15T00:00:00Z,14.5080722098-11-15T00:00:00Z,6.2031362098-12-15T00:00:00Z,2.6556362099-01-16T00:00:00Z,1.41399932099-02-16T00:00:00Z,3.12159012099-03-15T00:00:00Z,5.9019612099-04-15T00:00:00Z,10.6724172099-05-15T00:00:00Z,15.2371192099-06-15T00:00:00Z,20.3723982099-07-15T00:00:00Z,22.7898432099-08-15T00:00:00Z,22.1347082099-09-15T00:00:00Z,20.0925122099-10-15T00:00:00Z,14.2523492099-11-15T00:00:00Z,7.22852332099-12-15T00:00:00Z,0.3536547